# SDC file containing only one column of LP correction values created from
# original file: ../SDCs_Chung/3s1octetlong.txt
# This file contains only the LP = NLO+LP - NLO part of the SDCs
# The original values are taken from column 3 (NLO) and column 1 (NLO+LP) from the original file
################################################
# pT SDC
################################################
5.0 1228.2585442654627
6.0 516.8884765544574
7.0 271.66556113011166
8.0 161.13390731978734
9.0 99.09099373720278
10.0 59.68538928522452
11.0 37.4570559972115
12.0 24.366214873903985
13.0 16.38346141916151
14.0 11.315713296614419
15.0 7.9968537849917
16.0 5.762715763941161
17.0 4.227897014425688
18.0 3.1517653790233124
19.0 2.3843332996413125
20.0 1.828245869991811
21.0 1.4200584130806817
22.0 1.115577131158751
23.0 0.8854905582823978
24.0 0.7095493677675944
25.0 0.5735411404454478
26.0 0.4674920781562546
27.0 0.3838553341593869
28.0 0.3173136567971681
29.0 0.2639437523838405
30.0 0.22081783371356678
31.0 0.1856314880301713
32.0 0.15683133695385926
33.0 0.13312382589818336
34.0 0.1135033573368516
35.0 0.0971826829198601
36.0 0.08354139212796215
37.0 0.07208747734469029
38.0 0.062428431481902996
39.0 0.05424935290539941
40.0 0.04729624222537332
41.0 0.04136568581829175
42.0 0.036286509910351414
43.0 0.03192154929453694
44.0 0.02815806111366692
45.0 0.024902977227811936
46.0 0.022079154377332273
47.0 0.019622397257266812
48.0 0.017479083604750797
49.0 0.015604260662311221
50.0 0.01396011259322704
51.0 0.01251532430772499
52.0 0.011242080706242122
53.0 0.010117442864225003
54.0 0.009121875590561027
55.0 0.008238693700598267
56.0 0.007453606077339428
57.0 0.006754338928464586
58.0 0.006130323426093883
59.0 0.005572435879033121
60.0 0.005072780920134101
61.0 0.004624296050835468
62.0 0.004221299418054058
63.0 0.003858601441290563
64.0 0.003531668564648813
65.0 0.0032365324489253737
66.0 0.0029697127966127634
67.0 0.0027281516074717004
68.0 0.0025091570426333297
69.0 0.0023103553856946546
70.0 0.0021296498435208343
71.0 0.001965272214498793
72.0 0.0018154697779702946
73.0 0.0016787826548121903
74.0 0.0015539138421386347
75.0 0.0014397092079189771
76.0 0.001335140164210131
77.0 0.0012392886312693578
78.0 0.001151333965060538
79.0 0.001070541570926992
80.0 0.0009962529682325607
81.0 0.0009278475546065429
82.0 0.0008648303193735471
83.0 0.0008067235706344667
84.0 0.0007530965917722583
85.0 0.0007035605762216355
86.0 0.0006577641555446554
87.0 0.0006153894459006568
88.0 0.0005761485481285499
89.0 0.0005397804453298319
90.0 0.0005060482492753891
91.0 0.00047474906013396736
92.0 0.0004456722916653741
93.0 0.0004186395683994296
94.0 0.0003934884845035063
95.0 0.00037007102690266404
96.0 0.00034825216848570755
97.0 0.0003279086115207497
98.0 0.0003089276639028087
99.0 0.0002912062330188795
100.0 0.0002746499238909544
101.0 0.000259165795981066
102.0 0.00024468220139717533
103.0 0.00023112645923656664
104.0 0.00021843173816699565
105.0 0.00020653654072328082
106.0 0.00019538423695222604
107.0 0.00018492264231883648
108.0 0.00017510363534813364
109.0 0.000165882810972275
110.0 0.00015721916599029472
111.0 0.0001490745931186022
112.0 0.00014141432353594792
113.0 0.0001342059536183219
114.0 0.00012741948304407038
115.0 0.00012102711947915233
116.0 0.00011500310049522398
117.0 0.00010932353108230091
118.0 0.00010396623528451456
119.0 9.89106206361155e-05
120.0 9.413755420757717e-05
